4433.txt	-1	-1	-1	-1	-1	-1	+1	-1	-1	+1
324.txt	-1	-1	-1	-1	-1	-1	+1	-1	-1	-1
1031.txt	-1	-1	-1	-1	-1	-1	-1	-1	-1	-1
721.txt	-1	+1	-1	+1	-1	+1	-1	-1	-1	+1
2754.txt	-1	-1	-1	-1	-1	-1	-1	-1	-1	-1
1123.txt	-1	-1	-1	-1	-1	-1	-1	-1	-1	-1
3840.txt	-1	-1	-1	-1	-1	-1	-1	-1	-1	-1
390.txt	-1	-1	-1	-1	+1	-1	+1	-1	-1	-1
1278.txt	-1	-1	-1	-1	-1	-1	-1	-1	-1	-1
2592.txt	-1	-1	-1	-1	-1	+1	-1	-1	-1	-1
2200.txt	-1	-1	-1	-1	-1	-1	-1	-1	-1	-1
200.txt	-1	-1	-1	-1	-1	-1	+1	-1	-1	-1
2378.txt	-1	-1	-1	-1	-1	+1	+1	-1	-1	-1
2321.txt	-1	-1	-1	-1	-1	-1	-1	-1	-1	-1
2422.txt	-1	+1	-1	-1	+1	-1	+1	-1	-1	-1
4229.txt	-1	-1	-1	-1	-1	-1	-1	-1	-1	-1
2961.txt	-1	-1	-1	-1	-1	+1	-1	-1	-1	-1
3145.txt	-1	-1	-1	-1	-1	-1	-1	-1	-1	-1
1418.txt	-1	-1	-1	-1	-1	-1	-1	-1	-1	-1
1267.txt	-1	-1	-1	-1	-1	-1	-1	-1	-1	-1
1517.txt	-1	-1	-1	-1	-1	-1	-1	-1	-1	-1
2267.txt	-1	+1	-1	-1	+1	-1	+1	-1	-1	+1
4249.txt	-1	-1	-1	-1	-1	-1	-1	-1	-1	-1
1730.txt	-1	-1	-1	-1	-1	-1	-1	-1	-1	-1
4547.txt	-1	-1	-1	-1	-1	-1	-1	-1	-1	-1
1097.txt	-1	+1	-1	-1	-1	-1	-1	-1	-1	-1
3910.txt	-1	-1	-1	-1	-1	-1	-1	-1	-1	-1
1751.txt	-1	-1	-1	-1	-1	-1	-1	-1	-1	-1
2799.txt	-1	-1	-1	-1	-1	-1	-1	-1	-1	-1
4130.txt	-1	-1	-1	-1	-1	-1	-1	-1	-1	-1
4199.txt	-1	+1	-1	-1	+1	-1	+1	-1	-1	+1
533.txt	-1	+1	-1	-1	-1	-1	-1	-1	-1	-1
4066.txt	-1	-1	-1	-1	-1	-1	-1	-1	-1	-1
4371.txt	-1	-1	-1	-1	-1	-1	-1	-1	-1	-1
1901.txt	-1	-1	-1	-1	-1	-1	-1	-1	-1	-1
3357.txt	-1	-1	-1	-1	+1	-1	+1	-1	-1	-1
308.txt	-1	-1	-1	-1	-1	-1	+1	-1	-1	-1
2617.txt	-1	+1	-1	-1	+1	-1	+1	-1	-1	+1
1024.txt	-1	-1	-1	-1	-1	+1	-1	-1	-1	-1
4029.txt	-1	-1	-1	-1	-1	-1	-1	-1	-1	-1
2619.txt	-1	+1	-1	-1	+1	-1	+1	-1	-1	+1
2390.txt	-1	-1	-1	-1	-1	-1	-1	-1	-1	-1
3095.txt	-1	-1	-1	-1	-1	-1	-1	-1	-1	-1
1772.txt	-1	-1	-1	-1	-1	-1	-1	-1	-1	-1
129.txt	-1	-1	-1	-1	-1	-1	-1	-1	-1	-1
4053.txt	-1	-1	-1	-1	-1	-1	-1	-1	-1	-1
2360.txt	-1	-1	-1	-1	-1	-1	-1	-1	-1	-1
2076.txt	-1	-1	-1	-1	-1	-1	-1	-1	-1	-1
3767.txt	-1	+1	-1	-1	+1	-1	+1	-1	+1	-1
2521.txt	-1	-1	-1	-1	-1	-1	-1	-1	-1	-1